media	url	client	reposts	comments	gender	follower	friend	statues	age	verified	desc	type	species
0	1	2	1126	394	1	17955094	273	20793	1239	1	1	0	yes
1	1	2	68	15	1	118713	1998	7219	932	1	1	0	yes
1	1	1	15	8	1	13434	1963	4716	475	1	1	-1	yes
1	0	1	276	73	1	759418	44	32181	500	1	1	-1	yes
1	0	1	17	8	1	5994	1895	5869	422	1	1	220	yes
0	0	1	10	6	1	53345	1436	28403	597	1	1	0	yes
1	0	2	10	2	1	103977	158	510	137	1	1	-1	yes
1	0	1	38	36	1	1667	781	10499	248	1	1	220	yes
1	0	2	72	13	1	1627	1763	2053	1	1	1	-1	yes
1	0	1	390	107	1	50334	834	2250	480	1	1	-1	yes
1	0	1	5949	1725	1	13781	286	7104	411	1	1	220	yes
0	0	2	2086	815	1	2824961	738	16212	986	1	0	0	yes
1	0	2	40	27	1	13201705	397	62674	862	1	1	220	yes
1	1	2	15	15	0	659847	519	44159	1317	1	1	3	yes
1	0	1	32	13	1	12152300	199	86014	1150	1	1	-1	yes
1	0	2	17	4	1	63679	2885	9928	1192	1	1	0	yes
1	0	2	213	92	1	2288541	281	14855	1782	1	1	-1	yes
1	0	2	4108	1777	1	148014	192	7954	1366	1	1	0	yes
1	0	1	102	19	1	384028	698	2417	562	1	1	0	yes
1	0	1	27	10	0	25683	967	12084	217	1	1	-1	yes
1	0	1	111	36	0	163058	1577	15560	217	1	1	-1	yes
1	0	1	437	82	0	138933	900	11019	356	1	1	3	yes
0	0	1	439	68	0	104797	2738	23726	215	1	1	0	yes
1	0	1	40	14	0	684258	1816	14846	62	1	1	-1	yes
1	0	1	119	14	0	2107	1034	969	118	1	1	5	yes
1	0	1	245	41	0	1135621	1781	17098	63	1	1	-1	yes
1	0	1	12	3	0	131	127	359	37	1	1	-1	yes
0	0	1	18	5	1	642	525	3442	371	1	1	-1	yes
0	0	1	22	4	1	10197	379	265	123	1	1	-1	yes
1	0	1	135	74	1	246901	456	14986	614	1	1	0	yes
0	0	1	23	7	0	279	152	2263	130	1	1	-1	yes
0	0	2	308	55	1	6959	92	13111	395	1	1	-1	yes
0	0	1	20	6	1	7613	1969	4732	83	1	1	-1	yes
0	0	1	37	11	1	1541	513	2963	335	1	1	0	yes
0	0	1	60	13	1	53143	40	2400	354	1	1	-1	yes
0	0	1	43	28	1	28773	316	3280	353	1	1	-1	yes
0	0	1	12	4	1	1174	564	2171	289	1	1	220	yes
0	0	1	10	1	1	2959	597	10036	364	1	1	220	yes
0	0	1	17	14	1	5858	578	15562	220	1	1	220	yes
0	0	1	13	2	1	403	469	3139	256	1	0	220	yes
0	0	1	96	36	1	314686	982	14594	616	1	1	0	yes
0	0	1	20	7	1	835	225	468	11	1	1	-1	yes
0	0	1	76	13	1	550	982	415	245	1	1	220	yes
0	0	1	30	24	1	12227	146	2421	628	1	1	0	yes
1	0	1	15	5	0	11137	1743	1164	364	1	1	0	yes
1	1	1	20	9	1	1958	1546	239	596	1	1	-1	yes
0	0	1	11	6	0	255	121	1223	91	1	1	-1	yes
0	0	1	13	6	1	47628	1056	5893	292	1	1	220	yes
0	0	1	10	1	1	628	216	1111	577	1	1	-1	yes
0	0	1	10	2	1	866	431	1968	374	1	1	220	yes
0	0	1	14	5	0	1071	279	8280	577	1	1	220	yes
1	0	2	21	2	1	789	629	5985	400	1	1	0	yes
0	0	2	88	24	1	484	104	3261	912	1	1	-1	yes
0	0	2	10	1	1	1168	1044	3110	496	1	1	220	yes
1	0	2	294	45	0	223181	2198	13527	290	1	1	-1	yes
1	0	2	133	20	0	455903	2397	11928	261	1	1	-1	yes
1	0	1	499	110	1	2535803	2968	42034	580	1	1	0	yes
0	0	1	22	3	0	114	223	230	566	1	0	-1	yes
0	0	2	11	3	0	239	632	4579	150	1	1	220	yes
0	0	1	10	3	1	3530	1977	8603	95	1	1	-1	yes
1	0	1	14	4	1	1055	662	1551	488	1	1	220	yes
0	0	1	29	3	1	188	225	8530	470	1	0	-1	yes
1	0	2	15	6	0	659	1520	37	81	1	0	-1	yes
0	0	1	35	14	1	638	1188	3507	696	1	0	-1	yes
0	0	1	11	3	1	1782	919	7427	200	1	0	0	yes
0	0	1	10	2	1	854	1189	3490	162	1	1	220	yes
0	0	1	32	16	1	6526	1188	5484	256	1	1	220	yes
0	0	1	29	2	0	1678	578	5506	102	1	1	0	yes
0	0	1	42	8	1	1273	1228	3623	420	1	1	220	yes
1	0	1	24	6	0	2746	148	5167	541	1	1	220	yes
0	0	1	18	3	1	4206	637	10126	464	1	0	220	yes
0	0	1	128	22	1	2500	1357	736	336	1	1	220	yes
1	0	1	15	2	1	851	842	3544	91	1	1	220	yes
0	0	1	15	4	1	3134	1825	3957	149	1	1	220	yes
0	0	1	28	10	1	6432	1441	8253	353	1	1	220	yes
0	0	1	50	10	0	2537	1892	8117	305	1	1	220	yes
0	0	1	23	7	1	1952	406	3662	368	1	1	220	yes
0	0	1	206	57	0	4555	1818	11179	176	1	1	0	yes
1	0	1	67	21	1	16173	1844	8755	246	1	1	-1	yes
0	0	1	49	11	0	4286	685	2327	253	1	1	220	yes
0	0	1	14	2	1	794	716	5120	414	1	1	220	yes
1	0	1	78	24	0	21063	1080	2807	122	1	1	2	yes
1	0	1	474	105	0	43033	126	1159	67	1	1	-1	yes
0	0	1	17	7	1	319497	167	21401	662	1	1	0	yes
1	0	1	14	8	1	1266	286	1017	455	1	1	220	yes
0	0	1	10	1	1	340	140	1012	196	1	1	-1	yes
0	0	1	37	6	1	921	780	2740	21	1	1	-1	yes
0	0	1	12	2	1	563	592	6959	164	1	1	-1	yes
1	0	1	13	4	1	4316383	1216	14911	131	1	1	-1	yes
0	0	1	11	4	0	1083	243	2166	318	1	1	-1	yes
0	0	1	10	5	1	312	306	1624	308	1	1	220	yes
1	0	1	11	0	0	394	218	3422	178	1	1	220	yes
0	0	1	43	10	1	1729	564	3258	628	1	1	220	yes
0	0	1	28	13	0	1791	1983	197	216	1	1	-1	yes
0	0	1	17	4	1	843	463	1669	309	1	1	220	yes
0	0	1	89	20	1	230	205	771	94	1	0	-1	yes
0	0	2	15	5	1	257	159	1798	63	1	0	-1	yes
1	0	1	38	17	0	2357816	16	5997	84	1	1	-1	yes
0	0	1	10	4	1	663	438	2099	189	1	1	0	yes
0	0	1	10	4	0	485	280	1476	175	1	1	220	yes
0	0	1	30	19	1	4480	331	1465	57	1	1	220	yes
0	0	1	10	6	1	932	539	3604	252	1	1	220	yes
0	0	2	12	5	1	408	709	992	462	1	1	-1	yes
0	0	1	75	37	0	49066	293	5948	301	1	1	0	yes
0	0	1	11	4	1	1361	678	25052	445	1	1	220	yes
1	0	1	39	14	0	898475	884	4871	59	1	1	2	yes
0	0	1	22	5	1	313	406	1684	116	1	1	-1	yes
0	0	1	39	3	1	37	73	18	21	1	0	-1	yes
0	0	1	41	7	0	816	865	1987	446	1	1	220	yes
1	0	1	22	9	1	1546	775	2776	381	1	1	-1	yes
1	0	1	20	2	1	5830	1994	28948	338	1	1	-1	yes
0	0	1	13	5	1	773	104	2380	430	1	1	-1	yes
1	0	2	13	10	1	537420	578	5025	113	1	1	2	yes
0	0	1	760	187	1	1005648	2874	24507	1377	1	1	220	yes
1	0	2	10	6	0	2046	100	3276	847	1	1	220	yes
0	0	2	10	0	1	587	158	970	538	1	1	220	yes
1	0	2	11	2	1	70359	1524	19421	245	1	0	-1	yes
0	0	2	54	8	1	106225	2347	10490	588	1	1	0	yes
0	0	1	79	23	1	2413	1998	2410	843	1	1	220	yes
0	0	1	137	24	1	16662	3000	108293	342	1	1	0	yes
0	0	1	71	4	1	1145	714	1296	335	1	1	0	yes
0	1	1	18	3	0	56	16	1080	247	1	1	-1	yes
0	0	1	124	14	0	174	313	1525	159	1	1	-1	yes
1	0	1	42	14	1	727	543	1420	265	1	1	220	yes
1	0	2	98	23	1	4242	746	24150	1835	1	1	220	yes
1	0	2	14	4	1	3154	564	16295	717	1	1	220	yes
1	0	1	78	32	1	61036	438	8896	250	1	1	-1	yes
1	0	1	275	58	1	570287	2708	11105	206	1	1	0	yes
1	0	1	39	15	0	157499	904	13274	117	1	1	-1	yes
0	1	1	13	7	1	8860	193	731	114	1	1	2	yes
0	0	2	46	31	1	26807	1999	16984	728	1	1	0	yes
1	0	1	59	48	0	756340	1609	14130	135	1	1	-1	yes
0	0	2	16	10	1	3180	1562	1585	513	1	1	-1	yes
0	0	1	11	2	1	728	333	5717	600	1	1	-1	yes
1	0	1	76	33	1	245154	357	9878	702	1	1	3	yes
1	0	1	19	4	1	796	478	1711	157	1	1	-1	yes
0	0	1	59	24	0	121990	704	6317	241	1	1	-1	yes
1	0	1	82	37	1	714450	1129	12094	140	1	1	2	yes
0	1	2	42	15	0	7217	1748	1032	246	1	0	-1	yes
1	0	1	44	11	1	4862	1328	5929	209	1	1	0	yes
1	1	1	991	406	1	1239181	1408	43458	320	1	1	-1	yes
1	0	1	14	7	0	3103	781	867	199	1	1	-1	yes
0	0	2	313	107	1	1067	570	245	79	1	1	-1	yes
1	0	2	63	13	1	194179	84	3757	534	1	1	-1	yes
1	1	1	21	5	1	132259	2881	57754	1532	1	1	0	yes
1	0	1	166	40	1	297573	2665	42515	1755	1	1	0	yes
1	0	1	16	16	0	232	140	30	894	1	1	-1	yes
1	0	1	220	26	1	758438	44	32181	512	1	1	-1	yes
1	0	2	104	25	1	12947	55	162	297	1	1	-1	yes
0	0	2	63	21	1	91086	1040	30665	541	1	1	-1	yes
1	0	1	25	2	1	3498	1782	5101	364	1	1	-1	yes
0	0	1	16	6	1	12144	1925	8526	387	1	1	220	yes
1	0	1	10	4	1	14336	1998	22624	385	1	1	220	yes
1	0	1	272	83	1	314514	2114	42082	220	1	1	0	yes
1	0	1	11	3	1	5794	2001	29450	406	1	1	220	yes
1	0	1	31	7	1	7553	1865	150	129	1	1	-1	yes
0	0	2	190	78	1	168741	196	9984	535	1	1	0	yes
0	0	2	25	9	1	153656	583	13869	141	1	1	2	yes
1	0	1	15	5	1	1019524	162	1707	577	1	1	-1	yes
1	0	1	13	1	0	17178	1124	3513	36	1	1	-1	yes
1	0	1	56	18	1	22052	1993	5731	615	1	1	0	yes
1	0	1	34	13	1	7072	1949	5415	101	1	1	-1	yes
0	0	1	202	62	1	506039	1038	14782	457	1	1	0	yes
1	0	2	13	3	1	22810	1995	5221	238	1	1	0	yes
1	0	2	14	4	0	8000	126	6384	460	1	1	200	yes
0	0	1	33	19	1	8287	1642	1910	555	1	1	0	yes
0	0	1	70	27	1	952558	1455	7054	240	1	1	0	yes
0	0	1	24	17	1	59558	579	2791	183	1	1	0	yes
0	0	1	10	5	1	270732	1159	2669	649	1	1	0	yes
0	0	2	49	29	1	935320	274	2527	585	1	1	-1	yes
1	0	1	334	125	1	580645	1063	22155	592	1	0	3	yes
0	0	1	91	27	1	231271	199	931	141	1	1	0	yes
0	0	1	45	13	1	1015	678	5076	518	1	1	-1	yes
0	0	1	86	27	0	37483	691	2514	37	1	1	-1	yes
0	0	1	11	9	1	45800	1785	47918	605	1	1	0	yes
1	0	1	580	161	0	545903	1754	19353	423	1	1	-1	yes
1	0	1	220	81	1	296159	2658	42124	643	1	1	0	yes
1	0	1	47	29	1	2799	200	2356	323	1	1	-1	yes
1	0	1	42	15	1	1796	1902	19846	391	1	1	-1	yes
1	0	2	48	11	1	118094	482	15161	190	1	1	-1	yes
1	0	1	5818	1737	1	166669	602	6251	35	1	1	3	yes
1	0	1	30	4	1	14960	2598	12368	457	1	1	-1	yes
1	0	2	129	47	1	130051	2879	56900	934	1	1	0	yes
0	0	1	378	380	1	82334	543	310	51	1	1	0	yes
1	0	2	983	213	1	12923	2959	7919	607	1	1	0	yes
1	0	1	14	18	1	31311	151	8153	661	1	1	0	yes
1	0	1	18	8	1	1270	783	429	152	1	1	-1	yes
1	0	1	24	8	0	65896	639	6033	732	1	1	0	yes
0	0	2	18	7	1	304	187	433	278	1	0	-1	yes
1	0	1	10	2	1	789	559	3375	287	1	1	-1	yes
0	0	1	19	5	1	29353	2938	19996	376	1	1	220	yes
1	1	2	34	13	0	2167	247	4002	422	1	1	0	yes
0	1	1	13	1	1	1675	398	2639	660	1	1	0	yes
0	0	1	65	11	1	29353	2938	19996	203	1	1	220	yes
0	0	1	125	25	1	3204	1736	9184	110	1	1	220	yes
1	0	1	541	171	0	509840	234	13610	384	1	1	-1	yes
0	0	1	16	87	1	1654540	1926	12350	136	1	1	0	yes
1	0	1	466	150	1	1012015	1273	116665	250	1	1	-1	yes
1	0	1	10	2	1	2736	301	3508	139	1	1	-1	yes
1	0	1	19	5	1	7520	1027	177	16	1	1	-1	yes
0	0	1	29	13	0	37476	1867	10551	665	1	1	0	yes
0	0	1	302	93	1	43912	1778	5406	655	1	1	0	yes
0	0	1	37	11	1	32725	2460	4227	522	1	1	0	yes
1	0	2	371	87	1	166631	1943	6061	607	1	1	-1	yes
1	0	2	64	21	1	108554	545	14186	574	1	1	0	yes
0	0	1	11	7	1	26804	851	8157	1026	1	1	0	yes
1	1	1	23	5	1	3423	421	1667	330	1	1	2	yes
1	0	1	23	8	1	112497	1216	9983	1083	1	1	0	yes
1	0	1	31	9	1	11286	553	5271	243	1	1	-1	yes
1	1	1	11	0	1	1455	409	2668	727	1	1	2	yes
0	1	2	10	10	1	109	98	365	627	1	1	-1	yes
1	1	1	692	138	1	282010	1648	9916	684	1	1	2	yes
0	1	1	61	27	1	53284	1352	28578	1009	1	1	0	yes
0	1	2	67	9	1	24776	1570	15741	1020	1	1	0	yes
1	0	2	236	7	1	110536	248	1788	779	1	1	-1	yes
1	1	2	11	3	1	1164	1980	17125	927	1	1	-1	yes
0	1	1	14	3	1	35160	1992	45792	1076	1	1	-1	yes
1	1	2	16	7	1	34964	1409	7627	1159	1	1	0	yes
1	1	1	25	8	1	7162	1169	2655	1226	1	1	-1	yes
0	1	2	19	10	1	100605	486	16880	1641	1	1	0	yes
0	1	2	28	4	1	6696	98	1981	1637	1	1	-1	yes
0	1	2	34	9	1	82320	3000	10369	1590	1	0	0	yes
1	0	1	12	5	1	6496	1986	1854	1080	1	0	-1	yes
1	0	2	645	132	1	350712	2434	23445	272	1	1	-1	yes
0	0	2	110	17	1	169922	345	17750	1468	1	1	0	yes
1	0	2	11	3	1	51423	1009	2519	108	1	1	0	yes
0	0	1	24	5	0	298	91	908	944	1	1	-1	yes
0	1	2	220	12	1	29587	98	1854	859	1	1	0	yes
1	1	2	290	82	1	87951	1334	14388	1354	1	1	0	yes
0	1	2	10	10	1	21475	320	20004	451	1	1	5	yes
0	1	2	11	0	1	4121	1029	1706	572	1	1	5	yes
1	0	2	93	80	1	933268	909	21747	1376	1	1	3	yes
1	1	1	410	485	1	5343573	1023	65051	970	1	1	3	yes
0	1	1	1172	565	1	4169374	2006	52368	1196	1	1	3	yes
1	1	1	1193	917	1	12904679	529	55355	1438	1	1	3	yes
1	1	2	19	17	0	2254414	612	57216	1380	1	1	3	yes
0	1	1	1087	1073	1	6855560	318	41375	1433	1	1	3	yes
1	1	1	111	66	1	26208	555	11848	846	1	1	3	yes
0	1	1	85	103	1	3426922	419	22246	165	1	1	3	yes
1	1	1	281	154	1	4518420	938	60424	1408	1	1	3	yes
1	1	2	17	8	0	268114	1045	18824	1298	1	1	3	yes
1	1	1	76	70	1	1055002	899	26135	1167	1	1	3	yes
1	1	1	292	70	0	4824	265	7960	787	1	1	3	yes
1	1	1	20	6	1	37951	1621	17961	1378	1	1	3	yes
1	1	2	82	47	0	420070	2000	21597	1359	1	1	3	yes
1	1	1	145	77	1	2205843	1109	38840	1322	1	1	3	yes
1	0	2	114	98	1	1808198	206	106643	899	1	1	3	yes
1	1	1	192	169	1	2775313	1035	53434	1252	1	1	3	yes
1	1	2	165	146	0	2254418	612	57216	1378	1	1	3	yes
1	0	1	58	53	1	283776	426	60193	888	1	1	5	yes
1	1	1	14	11	1	169944	395	26054	1434	1	1	3	yes
1	0	2	39	19	1	384770	279	7945	765	1	1	5	yes
0	1	1	222	97	1	18297	1692	10455	624	1	1	0	yes
1	1	2	368	329	1	4267984	698	42849	1261	1	1	3	yes
1	1	1	55	47	0	103609	1833	13491	907	1	1	3	yes
1	1	1	169	166	1	12252546	1884	77656	1413	1	1	3	yes
1	0	1	14	14	0	57553	816	14227	1323	1	1	3	yes
1	1	1	18	8	1	324745	265	29878	820	1	1	3	yes
1	0	1	14	6	1	4349	2930	10993	949	1	0	220	yes
1	1	1	50	56	1	296276	2658	42141	1439	1	1	0	yes
1	1	1	120	129	0	414681	287	32358	1275	1	1	3	yes
1	0	1	47	57	1	2653306	1720	25917	1439	1	1	3	yes
1	0	2	15	6	1	39181	837	16514	1202	1	1	5	yes
0	1	1	13	31	1	88765	2014	6742	989	1	1	-1	yes
1	0	2	45	42	0	81798	875	13379	994	1	1	-1	yes
1	0	1	15	18	0	493272	587	93968	1139	1	1	3	yes
1	0	1	12	1	1	211877	1769	46035	1334	1	1	3	yes
1	0	2	10	19	1	11688364	423	368151	872	1	1	3	yes
1	0	2	19	38	0	2279675	806	44627	1230	1	1	3	yes
1	1	1	65	28	0	172084	2001	18665	1388	1	1	3	yes
0	1	1	127	158	1	12252755	1884	77656	1413	1	1	3	yes
1	1	1	109	100	1	1533229	300	18309	1294	1	1	3	yes
1	0	1	155	241	0	1756558	327	16995	885	1	1	2	yes
0	1	1	47	57	1	256359	2001	17000	1407	1	1	2	yes
0	1	2	25	31	1	1811913	348	26384	680	1	1	0	yes
1	1	1	507	574	1	12215541	1358	89411	1438	1	1	3	yes
1	0	1	11	6	1	628462	1931	33670	1433	1	1	3	yes
1	0	1	32	42	0	102600	473	12102	923	1	1	2	yes
1	1	2	10	5	1	31444	1675	54156	988	1	1	-1	yes
1	1	1	12	10	1	45626	785	23543	1112	1	1	5	yes
1	1	1	491	516	1	2628339	422	66649	900	1	1	3	yes
1	0	1	49	60	1	283505	1647	9916	804	1	1	2	yes
0	1	1	21	12	1	102823	535	11931	1201	1	1	0	yes
1	1	1	113	63	1	718266	1019	64241	994	1	1	3	yes
0	1	1	25	21	1	34796	306	9238	798	1	1	5	yes
1	1	1	911	747	1	8083001	896	41909	1434	1	1	3	yes
0	1	1	93	119	1	142623	738	12002	1260	1	1	220	yes
0	1	1	35	31	0	185882	1180	2318	896	1	1	-1	yes
1	1	1	35	37	1	2205846	1109	38841	1322	1	1	3	yes
0	1	1	31	15	1	71012	2716	18959	715	1	1	220	yes
0	0	1	15	7	0	1031647	732	33247	942	1	1	3	yes
1	1	2	113	105	0	2047379	1397	9633	1437	1	1	3	yes
1	1	2	54	85	1	410529	335	9156	1125	1	1	3	yes
0	1	1	15	24	1	29375	1529	6105	1090	1	1	3	yes
1	1	1	238	151	1	2603642	911	67691	865	1	1	3	yes
1	1	1	22	23	1	1789102	1105	25147	873	1	1	3	yes
0	1	2	32	20	1	527784	412	18966	1437	1	1	-1	yes
0	1	1	43	35	1	527784	412	18966	1240	1	1	-1	yes
1	0	2	3253	1095	1	17354232	598	48096	1040	1	1	0	yes
1	0	1	2309	1876	1	11491578	1483	87214	1438	1	1	3	yes
0	0	1	15	14	1	56	50	260	989	1	0	-1	yes
1	1	1	13	13	1	58	50	78	540	1	0	-1	yes
0	1	1	13	11	1	36	31	45	476	1	1	-1	yes
1	1	2	23	5	0	2309	903	355	1000	1	1	-1	yes
1	1	2	49	7	1	244	198	2939	631	1	0	-1	yes
1	0	1	21	5	1	5201	2163	15505	642	1	1	-1	yes
0	1	1	12	5	1	3831	1526	21919	383	1	1	220	yes
0	1	2	36	22	1	8285	2000	9829	385	1	1	0	yes
0	1	2	18	5	1	8285	2000	9829	385	1	1	0	yes
1	0	1	15	0	1	1673	535	194	417	1	1	-1	yes
1	0	1	35	11	1	3897	339	821	82	1	1	-1	yes
1	0	1	44	17	0	887394	1637	27112	9	1	1	3	yes
1	0	1	38	21	1	131380	2000	58867	601	1	1	0	yes
1	0	1	171	41	1	711807	1466	26447	68	1	1	2	yes
1	0	1	69	25	1	89450	731	7253	293	1	1	0	yes
1	0	1	18	10	1	140623	3000	55312	373	1	1	0	yes
1	0	1	21	15	1	140623	3000	55312	373	1	1	0	yes
1	0	1	17	9	0	2254535	612	57223	540	1	1	3	yes
1	0	2	240	98	1	11495567	1483	87221	600	1	1	3	yes
1	1	1	360	139	1	13877108	1722	84535	600	1	1	3	yes
1	1	1	10	5	1	141208	650	24961	194	1	1	3	yes
1	0	1	49	29	0	573606	1923	58213	476	1	1	3	yes
1	1	1	177	63	1	180409	1339	9105	568	1	1	5	yes
1	0	1	49	13	1	65076	857	5802	94	1	1	-1	yes
1	0	1	10	2	1	5202	754	2856	151	1	1	-1	yes
1	0	1	16	14	1	6085	930	6621	599	1	1	0	yes
1	0	1	12	14	0	56769	69	7073	138	1	1	2	yes
1	0	1	11	11	1	6329	1070	3635	320	1	1	0	yes
1	0	1	17	5	1	4536165	938	60434	570	1	1	3	yes
1	0	1	11	10	1	208761	664	42865	372	1	1	3	yes
1	0	2	10	8	1	16953	147	4561	535	1	0	-1	yes
1	0	2	11	27	1	28620	123	822	1269	1	1	0	yes
0	0	2	19	15	0	159	133	241	482	1	0	-1	yes
0	0	2	30	4	1	230	175	103	443	1	0	-1	yes
0	0	2	19	14	1	152	140	238	481	1	0	-1	yes
0	0	2	19	0	1	117	261	179	348	1	0	-1	yes
1	0	2	100	37	1	2170	1971	8809	109	1	1	220	yes
1	0	1	43	25	0	60160	971	2957	253	1	1	220	yes
0	1	2	43	25	0	2231	1454	25920	105	1	1	-1	yes
1	0	1	20	21	1	1209346	2887	17295	84	1	1	0	yes
0	1	1	43	23	1	180413	1339	9106	822	1	1	5	yes
1	1	1	16	8	1	878322	1673	34085	827	1	1	3	yes
0	1	1	24	12	1	2256341	647	31579	308	1	1	3	yes
1	1	1	85	35	1	8091868	898	41931	850	1	1	3	yes
1	0	1	480	135	1	12221565	1359	89454	852	1	1	3	yes
1	1	2	10	2	1	11713917	423	368453	1363	1	1	3	yes
1	1	1	44	3	1	5903402	485	56532	1930	1	1	3	yes
1	1	2	29	6	1	638173	1009	83385	1447	1	1	2	yes
1	0	2	26	0	1	462	904	1629	232	1	0	-1	yes
1	1	2	15	8	1	126624	55	3524	224	1	0	1	yes
1	1	1	41	4	1	621663	1814	86010	1248	1	1	3	yes
0	1	1	42	9	1	347894	1002	35494	1520	1	1	3	yes
1	1	1	42	7	1	1326475	438	8988	1380	1	1	3	yes
1	0	2	23	13	1	504511	296	13424	1118	1	1	2	yes
1	1	1	110	39	1	12221650	1359	89455	1610	1	1	3	yes
1	1	1	69	21	1	12268661	1884	77702	1584	1	1	3	yes
1	1	1	12	3	1	621664	1814	86010	1246	1	1	3	yes
1	0	2	237	171	1	28429733	564	40358	551	1	1	3	yes
1	1	1	63	7	1	1669580	717	33552	1472	1	1	3	yes
0	1	1	19	4	1	73491	78	14256	1098	1	1	5	yes
1	0	2	30	9	1	3955323	445	62152	1502	1	1	3	yes
0	0	2	35	19	0	427013	311	7470	1401	1	1	220	yes
1	1	2	18	2	0	8712247	768	55576	1548	1	1	3	yes
1	0	1	11	6	1	211007	217	31585	1474	1	1	3	yes
1	1	1	136	38	1	1663668	390	24667	1599	1	1	3	yes
1	1	1	17	9	0	693336	505	45505	1393	1	1	3	yes
0	0	1	20	6	0	269813	1178	23595	1010	1	1	3	yes
1	0	2	137	34	1	238510	987	23767	1186	1	1	3	yes
0	1	2	109	34	1	1319711	944	32176	1330	1	1	3	yes
1	1	1	471	104	1	4512740	403	22774	1421	1	1	3	yes
0	0	1	16	6	1	675250	182	24014	1113	1	1	3	yes
1	1	2	36	4	1	156138	1948	5061	1555	1	1	-1	yes
0	1	1	719	167	1	12221664	1359	89455	1609	1	1	3	yes
1	0	1	161	44	1	12268683	1884	77702	989	1	1	3	yes
1	1	1	113	33	1	7521155	504	31006	918	1	1	3	yes
1	1	1	10	1	1	39	223	117	26	1	1	-1	yes
0	0	2	13	5	1	22720	351	2018	1420	1	0	-1	yes
1	0	1	119	36	1	71351	344	3348	432	1	1	-1	yes
1	0	1	10	3	1	9153	472	21751	1280	1	1	1	yes
1	0	1	12	5	1	256285	842	29345	1624	1	1	3	yes
1	0	1	70	91	0	2290917	788	1853	933	1	1	0	yes
1	0	1	10	0	0	11014	144	5245	209	1	1	-1	yes
1	0	2	50	22	1	232637	2484	25911	1310	1	1	0	yes
1	0	2	25	22	1	293338	2815	8408	1197	1	1	0	yes
1	0	2	26	14	1	1812750	2408	30928	1154	1	1	-1	yes
1	0	2	28	6	1	530141	2387	9025	1353	1	1	220	yes
1	0	1	85	40	1	1244247	453	5096	1404	1	1	0	yes
1	0	1	14	3	1	929837	1879	8582	1402	1	1	-1	yes
1	0	1	19	3	1	1410024	1614	10063	774	1	1	220	yes
1	0	1	110	16	0	809287	785	15276	1359	1	1	-1	yes
1	0	1	38	3	1	17886	1991	8942	1127	1	1	220	yes
0	0	2	42	315	1	21933	1040	3932	1029	1	1	0	yes
0	0	2	14	5	1	29037	1275	11129	1329	1	1	5	yes
1	0	2	66	13	1	2270431	793	17649	872	1	1	0	yes
1	0	2	16	3	0	25564	1796	3177	1167	1	1	0	yes
0	0	1	26	36	1	935	403	977	1141	1	1	-1	yes
0	1	2	41	12	1	120123	139	1023	1403	1	1	0	yes
1	0	2	99	22	0	1142669	1780	17242	1188	1	1	-1	yes
1	0	2	31	11	0	1950502	1075	29427	1415	1	1	3	yes
1	0	1	79	17	1	560220	534	12772	727	1	1	3	yes
1	0	1	12	8	1	63735	470	6635	939	1	1	4	yes
1	0	1	137	57	1	2015069	584	43251	1222	1	1	3	yes
1	0	2	15	2	1	279635	961	18992	1204	1	1	0	yes
1	0	1	13	4	1	14607	826	18793	1187	1	1	3	yes
1	0	1	222	38	0	1215707	937	15490	1675	1	1	220	yes
1	0	1	40	23	0	529606	425	40473	1339	1	1	3	yes
1	0	1	29	12	1	403609	946	22601	1392	1	1	3	yes
1	0	1	19	11	1	416471	877	44836	1372	1	1	3	yes
1	0	1	32	10	1	1075457	152	23802	572	1	1	3	yes
1	0	1	147	20	0	330550	2543	12243	857	1	1	-1	yes
1	0	2	29	11	1	254509	2216	24879	1520	1	1	0	yes
1	0	1	22	10	1	43630	1220	6407	724	1	1	220	yes
1	0	2	14	10	0	39619	1365	6174	1277	1	1	-1	yes
1	0	1	26	4	1	126917	694	10281	1232	1	1	5	yes
1	1	1	11	7	1	17418	190	48862	1118	1	1	3	yes
1	0	2	22	6	0	212196	2166	12379	859	1	1	-1	yes
1	0	2	38	7	0	211175	2906	11338	859	1	1	-1	yes
1	0	2	15	8	1	192731	1982	11738	1186	1	1	-1	yes
1	0	1	48	26	0	546103	2990	22519	1342	1	1	0	yes
1	0	2	35	7	0	439693	1869	14213	858	1	1	-1	yes
1	0	2	12	11	1	100984	391	17828	1085	1	1	1	yes
1	0	2	19	6	0	255461	1010	3566	593	1	1	5	yes
1	0	1	56	31	1	294127	751	34975	1427	1	1	3	yes
1	0	2	20	7	1	1882238	261	64208	1322	1	1	3	yes
1	0	1	57	17	1	222918	1847	20494	1098	1	1	2	yes
1	1	1	26	9	1	13011316	426	376980	1220	1	1	3	yes
1	0	2	19	3	0	239	182	1069	682	1	0	220	yes
1	1	2	17	0	0	1128	170	558	12	1	1	-1	yes
1	0	1	29	6	1	504117	1994	2422	1577	1	1	0	yes
1	0	1	72	21	1	242904	35	5541	1385	1	1	-1	yes
1	0	2	23	2	0	5777	168	31709	1327	1	1	220	yes
1	0	2	26	44	0	53400	230	3803	1536	1	1	0	yes
1	0	1	417	122	0	9876266	772	56851	1725	1	1	3	yes
1	0	2	215	72	1	663938	1008	84945	1303	1	1	2	yes
1	0	1	50	8	1	101174	2044	4796	798	1	1	-1	yes
1	0	1	129	21	1	301939	1097	11389	1335	1	1	-1	yes
1	0	2	13	8	1	358638	233	51190	1307	1	1	3	yes
1	0	2	20	2	1	43016	1518	10216	693	1	1	-1	yes
1	0	2	113	33	1	1525288	2106	30083	743	1	1	-1	yes
1	0	2	257	99	1	1931367	1512	26553	1780	1	1	3	yes
1	0	1	274	49	0	1007771	3000	36738	1165	1	1	-1	yes
1	0	1	11	8	1	5102	1335	12063	535	1	1	-1	yes
1	0	2	18	5	0	4652	128	3847	660	1	1	-1	yes
1	0	2	12	11	1	33486	1321	5512	1019	1	1	0	yes
1	1	1	41	14	1	1126783	800	18115	1578	1	1	3	yes
1	0	1	62	15	1	751235	538	69018	1517	1	1	3	yes
1	0	2	580	103	1	440961	41	5972	463	1	1	3	yes
1	0	1	13	7	0	107582	734	8043	738	1	1	0	yes
1	0	1	110	18	1	541190	752	18590	985	1	1	-1	yes
1	1	2	17	3	0	22173	608	21663	1742	1	1	3	yes
1	0	2	69	43	0	575628	1938	58589	1663	1	1	3	yes
1	0	1	140	26	0	881030	2992	36928	1165	1	1	-1	yes
1	0	1	1690	950	1	3630378	928	69685	1740	1	1	3	yes
1	0	1	803	265	1	5787364	196	42445	1454	1	1	3	yes
1	1	1	300	124	1	3946904	773	44810	1604	1	1	3	yes
1	0	2	45	13	0	223101	2197	13661	858	1	1	-1	yes
1	0	1	31	14	1	307991	357	89894	1507	1	1	3	yes
1	0	1	10	6	1	13848	1611	15821	1061	1	1	0	yes
1	0	1	86	57	1	150275	346	25166	1542	1	1	3	yes
1	1	1	70	28	1	1778026	1084	38344	1571	1	1	3	yes
1	1	1	35	7	1	1016652	384	34420	890	1	1	3	yes
0	0	1	20	15	1	124980	484	23167	1346	1	1	3	yes
1	0	2	72	15	1	2032676	1113	25783	1222	1	1	3	yes
1	0	1	262	116	1	3982433	446	63060	1679	1	1	3	yes
1	0	1	123	41	1	1396109	1112	35338	1536	1	1	3	yes
1	1	1	49	26	1	1081134	480	32281	1450	1	1	3	yes
1	0	1	45	12	1	556178	352	36060	1247	1	1	3	yes
1	0	1	62	34	0	279818	404	84547	1375	1	1	3	yes
1	0	1	163	71	1	1219232	180	14670	959	1	1	0	yes
1	0	2	14	8	1	47893	463	16938	1311	1	1	3	yes
1	0	1	11	7	1	1060482	904	26719	1516	1	1	3	yes
1	1	2	11	5	1	41908	1170	17232	1560	1	1	3	yes
1	0	1	12	5	1	570879	1778	9947	945	1	1	-1	yes
1	0	2	10	3	1	20264	1949	13418	1052	1	1	-1	yes
1	0	1	17	7	1	269305	1120	23149	1027	1	1	3	yes
1	0	1	79	22	1	334709	2233	13447	586	1	1	3	yes
1	0	1	150	62	1	699092	45	3279	1111	1	1	-1	yes
1	0	2	13	9	0	227379	295	40878	1379	1	1	3	yes
1	0	1	11	12	1	332129	855	36536	1433	1	1	3	yes
1	0	1	443	228	1	5356392	565	63049	1574	1	1	3	yes
1	0	2	13	5	0	14109	356	4660	1015	1	1	4	yes
1	0	1	10	9	0	2571	705	3476	933	1	1	-1	yes
1	1	2	30	21	1	1023192	881	62925	1288	1	1	3	yes
1	0	2	34	17	0	685079	1816	15004	1187	1	1	-1	yes
1	0	1	13	7	0	4032204	732	13883	883	1	1	1	yes
1	0	1	23	11	0	59100	2382	35414	1090	1	1	-1	yes
1	0	1	253	165	1	4176352	2003	53156	1546	1	1	3	yes
1	0	2	13	20	1	12641	714	7054	1339	1	1	3	yes
1	0	1	14	5	0	47237	365	39548	1500	1	1	3	yes
1	0	1	1014	362	1	5689396	529	58810	1749	1	1	3	yes
1	0	1	354	99	1	4618394	324	36977	1699	1	1	3	yes
1	0	1	45	10	1	914134	1585	13628	1178	1	1	-1	yes
1	1	1	493	137	1	1183465	1587	30028	1759	1	1	3	yes
1	0	1	50	15	0	290614	848	11649	514	1	1	3	yes
1	0	1	168	27	1	2087821	704	36392	1550	1	1	0	yes
1	0	1	122	60	1	1717849	461	40649	1737	1	1	3	yes
1	0	1	22	9	1	313445	606	10041	1235	1	1	1	yes
1	0	2	102	34	0	571891	1086	21322	1118	1	1	3	yes
1	1	1	83	24	1	352836	1239	26750	1493	1	1	3	yes
1	0	1	26	14	1	1144081	691	60530	1324	1	1	3	yes
1	1	1	242	22	1	713	22	759	1286	1	1	-1	no
1	0	1	101	41	0	506012	595	95461	1664	1	1	3	no
1	0	2	360	43	0	1255393	1458	13899	1004	1	1	220	no
1	0	1	178	20	1	561262	535	12834	905	1	1	3	no
1	0	2	1855	343	1	5117334	2199	51022	1957	1	1	3	no
1	0	1	269	78	0	2587045	95	15031	1340	1	1	-1	no
1	0	1	183	35	1	239337	449	4744	1241	1	1	-1	no
1	0	1	241	32	1	690790	1779	16650	1160	1	1	3	no
1	0	2	138	17	0	192772	1433	1454	1093	1	1	-1	no
1	0	2	122	5	0	91385	1343	239	1091	1	1	-1	no
1	0	2	105	24	0	200474	1608	2157	1191	1	1	-1	no
1	1	1	1341	319	1	10954307	2006	66049	1960	1	1	3	no
1	1	1	306	76	1	196404	396	26761	1960	1	1	3	no
1	1	1	162	58	1	1885422	263	64391	1500	1	1	3	no
1	0	2	596	75	0	5257146	44	41479	1597	1	1	-1	no
1	0	2	1171	243	0	10118524	990	103587	1708	1	1	-1	no
1	0	1	421	68	0	4625569	1833	16399	1939	1	1	2	no
1	0	1	32	7	1	104945	374	13344	1406	1	1	1	no
1	1	1	242	24	1	2088244	704	36566	1728	1	1	0	no
1	0	1	851	217	0	1816726	2357	74991	1684	1	1	-1	no
1	0	1	184	36	1	1009022	2891	42584	1275	1	1	-1	no
1	0	1	1414	266	0	5552487	128	61618	1888	1	1	-1	no
1	0	1	433	157	1	914139	1585	13667	1357	1	1	-1	no
1	0	1	859	86	0	9993153	924	80220	1768	1	1	-1	no
1	0	1	193	40	1	47981	509	20139	1185	1	1	3	no
1	0	1	475	40	0	1683233	238	37793	1927	1	1	-1	no
1	0	1	119	25	0	1007777	3000	36797	1344	1	1	-1	no
1	0	1	561	89	0	1312106	63	16380	1203	1	1	-1	no
1	1	1	1488	252	1	13503520	533	56289	1966	1	1	3	no
1	0	2	333	24	1	128477	60	5833	1034	1	1	-1	no
1	0	1	272	31	1	12956459	56	92401	1329	1	1	-1	no
1	0	1	13	0	0	60451	1051	17229	535	1	1	-1	no
1	1	1	10	5	1	390968	390	29215	1785	1	1	-1	no
1	0	1	21	8	0	2957131	770	20529	1960	1	1	2	no
1	0	1	34	14	1	68037	957	31692	1667	1	1	3	no
1	0	1	25	8	0	625209	650	5815	928	1	1	3	no
1	1	1	598	154	1	11733621	2008	66449	1963	1	1	3	no
1	0	1	79	29	1	603834	0	1630	763	1	0	3	no
1	1	1	266	50	0	1986740	233	18468	1576	1	1	2	no
1	0	1	44	17	1	70333	1423	20224	1226	1	1	1	no
1	0	1	164	23	1	1468135	836	8330	925	1	1	-1	no
1	0	1	160	31	1	2231046	878	26590	1217	1	1	-1	no
1	0	1	21	1	0	1224570	242	21391	730	1	1	220	no
1	0	2	45	16	1	1236241	1405	45412	1560	1	1	-1	no
1	0	1	841	132	1	9129166	26	863	926	1	1	6	no
1	0	2	32	6	1	371570	119	18278	750	1	1	-1	no
1	0	2	430	47	1	14323968	383	71512	1048	1	1	-1	no
1	0	2	228	29	0	6932159	148	28880	1235	1	1	-1	no
1	0	2	98	13	1	1583762	276	57097	1383	1	1	-1	no
1	0	1	57	7	0	5306927	177	9368	1510	1	1	-1	no
1	0	2	47	9	1	633882	108	35436	1267	1	1	220	no
1	0	2	18	2	0	292531	70	32987	1438	1	1	-1	no
1	0	1	65	7	0	1233727	19	23312	1379	1	1	-1	no
1	0	2	49	8	1	386270	17	3134	1180	1	1	-1	no
1	0	1	76	13	0	3611521	869	118689	1937	1	1	-1	no
1	0	1	89	7	0	441464	1774	8251	1530	1	1	-1	no
1	0	2	32	6	1	701801	1775	87229	1543	1	1	-1	no
1	0	1	2507	567	1	3633571	928	69823	1918	1	1	3	no
1	0	1	2479	330	0	4951308	2040	41328	1954	1	1	-1	no
1	0	1	3394	284	1	1092334	236	12313	1119	1	1	-1	no
1	0	1	14	1	1	15796	55	5743	1443	1	1	2	no
1	1	2	18	1	0	652	169	560	333	1	1	-1	no
1	0	1	14	4	0	10365	419	7319	1687	1	1	3	no
1	0	1	68	15	1	1023879	882	63069	1466	1	1	3	no
1	1	2	37	9	0	575798	1939	58625	1841	1	1	3	no
1	1	1	16	2	1	111559	1720	9650	1356	1	1	3	no
1	0	2	37	9	0	281407	403	84701	1554	1	1	3	no
1	1	1	12	5	1	60644	1937	10423	1103	1	1	1	no
1	0	1	75	16	1	335387	2244	13493	764	1	1	3	no
1	0	1	71	16	0	372353	1346	8151	512	1	1	3	no
1	0	1	22	7	1	119676	698	53319	1958	1	1	5	no
1	0	1	15	3	1	616029	760	44605	1834	1	1	3	no
1	0	1	32	16	1	626116	510	8285	1518	1	1	2	no
1	0	1	15	5	1	534119	1959	52725	1462	1	1	3	no
1	0	1	27	5	1	271760	774	7427	340	1	1	3	no
1	0	1	10	2	1	152996	425	26653	1560	1	1	3	no
1	0	1	29	11	1	620058	384	77864	1429	1	1	3	no
1	0	1	11	1	1	110276	1480	8823	1245	1	1	2	no
1	1	1	40	5	1	138550	447	18914	1538	1	1	3	no
1	0	1	13	3	0	303921	1807	29976	1169	1	1	3	no
1	1	1	42	17	1	311464	293	14202	1328	1	1	1	no
1	0	2	17	1	0	40873	1517	202	1166	1	1	-1	no
1	0	1	14	9	1	92934	213	4020	786	1	1	3	no
1	1	1	10	2	1	141511	241	14009	1584	1	1	5	no
1	1	1	16	6	0	238092	678	13622	979	1	1	1	no
1	1	1	97	29	1	2830704	900	69090	1904	1	1	3	no
1	0	1	10	1	1	21654	312	15946	1310	1	1	6	no
1	0	1	22	10	1	418872	831	24693	1965	1	1	3	no
1	1	1	43	21	1	457226	398	11179	1769	1	1	3	no
1	0	1	14	8	0	209671	330	31368	1913	1	1	3	no
1	0	1	41	6	0	4418006	1643	31555	1467	1	1	-1	no
1	0	1	41	12	1	1448924	873	33295	1418	1	1	3	no
1	0	2	79	12	0	1097462	2106	9490	1142	1	1	-1	no
1	1	1	18	1	1	833248	253	22766	1531	1	1	3	no
1	1	1	21	8	0	1455559	435	60259	1685	1	1	3	no
1	0	2	54	1	0	22446	0	158	1217	1	1	-1	no
1	1	1	55	9	0	1127628	1095	65872	1519	1	1	3	no
1	0	1	80	10	1	4437942	2407	36230	1065	1	1	-1	no
1	0	1	53	7	1	210340	795	28101	1876	1	1	3	no
1	0	1	14	4	1	164743	1276	11677	1179	1	1	3	no
1	0	2	21	9	0	424184	108	9054	996	1	1	220	no
1	0	1	60	10	1	541223	752	18626	1165	1	1	-1	no
1	0	1	10	0	0	2609	2701	1046	499	1	1	-1	no
1	0	2	26	11	0	437604	1638	14151	1367	1	1	-1	no
1	0	2	36	4	0	353776	27	22384	1420	1	1	-1	no
1	0	1	64	13	0	212191	2166	12393	1037	1	1	-1	no
1	0	1	35	9	0	223092	2197	13676	1037	1	1	-1	no
1	0	1	95	19	1	1050348	335	12955	1677	1	1	-1	no
1	0	1	15	5	1	68629	315	3617	1341	1	1	2	no
1	1	1	10	4	1	100109	454	10779	1429	1	1	1	no
1	0	1	93	18	0	456001	2351	12032	1010	1	1	-1	no
1	0	1	11	1	0	21468	1877	32984	1081	1	1	2	no
1	0	1	21	8	0	238944	2013	15804	1241	1	1	2	no
1	0	1	83	13	0	330581	2543	12253	1037	1	1	-1	no
1	0	1	53	8	1	1097588	1564	48258	1470	1	1	3	no
1	0	1	37	4	1	4052009	50	19926	981	1	1	-1	no
1	0	1	10	10	1	408849	523	42344	1471	1	1	3	no
1	1	1	349	730	1	14252634	1807	85877	1845	1	1	3	no
1	0	1	28	13	0	2878966	611	46120	1785	1	1	3	no
1	0	1	53	24	1	26434899	1318	52879	1139	1	1	3	no
1	1	1	30	51	1	12143707	1492	88456	1845	1	1	3	no
1	0	2	304	322	1	30264352	670	41512	787	1	1	3	no
0	0	1	338	80	0	136493	250	379	289	1	1	1	no
0	0	1	1049	1736	1	4290034	229	3639	200	1	1	1	no
1	0	2	111	256	1	653706	380	9809	1075	1	1	-1	no
1	1	1	42	15	1	4076023	1664	25407	1503	1	1	3	no
1	0	1	32	25	1	11022028	2006	66083	1841	1	1	3	no
1	0	1	25	32	0	220495	1417	11289	1212	1	1	-1	no
1	0	1	12	9	1	143448	655	25233	1440	1	1	3	no
1	0	1	10	13	1	2394402	1141	40973	1660	1	1	3	no
1	0	1	62	51	1	1743261	369	75736	1756	1	1	3	no
1	0	2	50	39	1	13712231	678	62134	1665	1	1	3	no
1	0	1	11	3	1	15840	786	5134	398	1	1	0	no
1	1	1	21	15	0	832913	1101	31080	1366	1	1	3	no
1	0	2	34	86	1	311093	2478	22586	1452	1	1	0	no
1	1	1	49	53	1	8656834	648	52097	1665	1	1	3	no
1	0	1	37	22	1	3993539	447	63220	1739	1	1	3	no
1	0	2	15	6	1	2771610	1292	37089	1833	1	1	3	no
1	0	2	55	75	1	2885535	1106	19753	1845	1	1	3	no
1	0	1	11	5	1	2286089	721	35745	1568	1	1	3	no
1	1	1	186	201	1	8597341	974	42854	1842	1	1	3	no
1	1	1	14	11	0	268099	626	18509	1552	1	0	3	no
1	0	1	35	27	1	1116199	410	2172	822	1	1	-1	no
1	0	1	76	48	0	5737279	801	21909	1180	1	1	-1	no
1	1	1	11	12	0	3515126	315	16727	1714	1	1	3	no
1	1	1	12	20	0	1457829	435	60292	1662	1	1	3	no
1	0	1	10	1	1	2408	257	1013	365	1	1	-1	no
1	0	1	45	29	1	12932658	1885	79174	1916	1	1	3	no
1	1	2	56	58	1	5140019	132	11403	1942	1	1	3	no
1	0	1	28	25	1	2394461	1141	40974	1756	1	1	3	no
1	0	1	24	28	1	13542057	533	56326	1942	1	1	3	no
1	0	1	48	18	1	1072206	1564	21389	1346	1	1	3	no
0	0	1	45	8	1	28271	127	809	360	1	1	1	no
0	0	1	17	5	1	2725860	380	3622	545	1	1	1	no
1	1	1	125	142	1	14253052	1807	85878	1941	1	1	3	no
0	0	2	48	10	0	136493	250	379	385	1	1	1	no
0	0	1	299	83	1	4290030	229	3639	296	1	1	1	no
0	0	1	971	1378	1	28271	127	809	378	1	1	1	no
1	0	1	621	1473	1	2725861	380	3622	562	1	1	1	no
1	0	2	909	469	1	105979	473	1328	1374	1	1	0	no
0	0	1	39	89	1	15423	8	27	685	1	1	0	no
0	1	2	38	43	0	591	960	2074	1743	1	1	220	no
1	0	1	52	37	1	2725861	380	3622	562	1	1	1	no
1	0	1	42	90	1	4076052	1664	25407	1617	1	1	3	no
1	1	1	58	5	1	1072205	1564	21389	1365	1	1	3	no
1	0	1	21	15	1	896664	699	3896	1098	1	1	1	no
0	0	1	42	52	1	28271	127	809	377	1	1	1	no
1	0	1	39	101	1	2725861	380	3622	562	1	1	1	no
1	0	1	39	24	1	693540	231	4381	717	1	1	3	no
0	0	2	13	30	0	171	359	1462	1055	1	1	-1	no
1	0	1	14	16	1	28271	127	809	378	1	1	1	no
1	1	1	10	1	0	818492	1223	48759	1778	1	1	3	no
1	1	2	18	2	1	4168	92	886	1407	1	1	0	no
1	1	1	11	5	1	196265	1813	26943	1921	1	1	5	no
1	0	2	10	9	1	219334	833	1697	108	1	1	2	no
1	0	1	64	86	1	3154504	424	68699	1307	1	1	3	no
1	1	1	36	21	1	8132193	170	30580	826	1	1	3	no
1	1	1	10	3	1	742454	1021	65247	1515	1	1	3	no
1	0	1	2244	3260	1	27969280	462	45865	924	1	1	3	no
1	1	1	33	3	1	8132181	170	30580	922	1	1	3	no
1	0	2	33	19	1	13712267	678	62135	1761	1	1	3	no
1	0	1	487	17	1	4372235	763	44102	1765	1	1	3	no
1	0	1	40	34	1	6885421	318	42000	1937	1	1	3	no
1	0	1	199	95	1	27969541	462	45866	1020	1	1	3	no
1	1	1	19	12	1	8656960	648	52098	1761	1	1	3	no
1	0	1	19	3	1	525907	630	16245	1022	1	1	3	no
1	0	1	53	32	1	26435050	1318	52879	1235	1	1	3	no
1	1	1	28	0	1	12143753	1492	88456	1941	1	1	3	no
1	0	1	43	25	1	294095	124	1704	305	1	1	3	no
1	1	1	160	109	0	38052375	293	100132	1941	1	1	3	no
1	0	1	1083	537	1	27969550	462	45866	1037	1	1	3	no
1	1	1	226	121	1	7721408	1381	137709	1648	1	1	3	no
1	1	1	95	45	1	12423524	1375	91044	1648	1	1	3	no
1	0	1	35	36	1	662371	125	29103	1102	1	1	3	no
1	0	1	53	53	1	473385	349	19772	1102	1	1	3	no
1	1	1	53	28	1	6005628	621	86240	1623	1	1	3	no
0	1	1	13	4	1	357710	1001	35695	1566	1	1	3	no
1	1	2	34	23	1	3159669	424	68921	1114	1	1	3	no
1	1	1	38	30	1	6005628	621	86240	1626	1	1	3	no
1	1	1	15	8	1	5751927	529	59236	1615	1	1	3	no
1	1	1	113	58	1	7721410	1381	137709	1651	1	1	3	no
1	1	2	1276	333	1	35486	1979	24719	1680	1	1	0	no
0	1	2	17	1	1	9265	2131	85618	1881	1	1	220	no
1	0	1	620	599	1	275850	805	7758	264	1	1	3	no
1	1	1	35	29	1	3433829	440	23196	616	1	1	3	no
1	1	2	68	4	1	5504	925	40693	1441	1	1	220	no
0	1	1	11	3	0	3184	1996	12690	405	1	0	-1	no
1	0	2	10	0	1	25005	1793	22505	1508	1	1	0	no
0	1	2	56	12	1	1908	1217	912	1355	1	1	0	no
1	1	1	15	8	1	4029681	505	8801	897	1	1	2	no
1	1	2	109	145	1	1732318	519	15046	1010	1	1	3	no
1	1	1	28	33	0	2884073	611	46380	1848	1	1	3	no
1	1	1	17	24	1	1747773	369	76211	1820	1	1	3	no
1	0	2	531	866	1	61467	102	2430	365	1	0	1	no
1	1	1	21	34	0	2884073	611	46380	1849	1	1	3	no
0	1	2	83	99	1	417188	2617	28910	1547	1	1	0	no
1	0	1	33	17	0	180153	873	7270	1222	1	1	3	no
1	0	2	433	66	0	550471	983	21890	1711	1	1	3	no
1	1	1	127	48	1	4156768	1681	25528	1592	1	1	3	no
1	0	1	45	24	1	2440019	1141	41285	1748	1	1	3	no
1	1	1	171	42	1	7054020	1679	30005	1886	1	1	3	no
1	0	1	1074	913	1	390012	320	6093	613	1	1	3	no
0	0	1	213	59	1	295549	2337	25632	1934	1	1	0	no
1	0	1	77	71	1	8781264	649	52411	1755	1	1	3	no
1	0	1	38	10	1	44317	1097	5980	1445	1	1	2	no
0	0	2	24	6	1	105907	89	3562	392	1	1	1	no
1	0	1	15	19	0	550471	983	21890	1711	1	1	3	no
0	0	1	26	203	1	11762	319	23	1562	1	0	-1	no
0	0	1	144	283	1	26837	100	230	243	1	1	-1	no
1	1	1	48	57	0	1674233	2340	22792	958	1	1	3	no
0	0	1	70	201	0	10332	176	131	85	1	1	0	no
1	0	1	24	13	1	54041	150	13367	1915	1	1	0	no
1	1	2	219	3	0	8740	1826	23523	1474	1	1	220	no
0	0	1	209	277	1	26551	100	230	254	1	1	-1	no
1	1	1	25	8	1	85406	1906	9600	1950	1	1	3	no
1	0	1	75	92	1	454419	1065	30520	1516	1	1	0	no
1	1	1	203	3	1	12346032	1492	88906	1950	1	1	3	no
0	0	1	26	17	1	2024167	589	43950	1386	1	1	3	no
1	0	1	20	13	1	524641	631	16557	1030	1	1	3	no
0	1	2	620	1105	1	41116	36	69	60	1	0	0	no
1	0	1	10	10	0	10837355	775	57605	1889	1	1	3	no
0	0	1	30	44	1	13172518	1885	79678	1924	1	1	3	no
1	1	1	22	29	1	1747493	369	76211	1860	1	1	3	no
1	0	1	22	34	1	2042166	1122	26158	1386	1	1	3	no
1	0	1	11	10	0	180137	873	7270	1239	1	1	3	no
1	1	1	19	9	1	169765	229	15578	1699	1	1	3	no
1	1	1	169	140	1	313304	135	1901	314	1	1	3	no
1	1	1	69	45	1	4157116	1681	25528	1608	1	1	3	no
1	1	2	13	18	1	6898	2001	8691	1774	1	1	0	no
0	1	1	21	17	1	2407187	205	10324	1942	1	1	3	no
1	1	1	198	139	1	26688434	1321	53545	1245	1	1	3	no
1	1	1	37	9	1	1073297	1564	21624	1358	1	1	3	no
1	1	2	69	19	1	13817352	684	62536	1772	1	1	3	no
1	1	1	39	9	1	8286231	170	30877	933	1	1	3	no
0	1	1	45	4	1	1761274	493	15862	676	1	1	3	no
1	0	1	44	26	1	2749563	702	5280	685	1	1	1	no
1	1	2	11	3	1	10190	175	4316	1418	1	1	-1	no
1	1	1	176	261	0	38245315	294	100459	1955	1	1	3	no
1	1	1	10	9	0	76435	360	4926	1605	1	1	-1	no
1	0	1	28	13	0	180115	873	7270	1244	1	1	3	no
1	0	2	15	1	0	133392	528	2058	578	1	1	1	no
1	1	1	35	20	1	5610618	919	62125	1927	1	1	3	no
1	1	2	39	10	1	3065846	421	31111	1748	1	1	3	no
1	1	1	12	1	0	1675321	2340	22794	978	1	1	3	no
1	1	2	125	60	1	13817349	684	62536	1776	1	1	3	no
1	1	1	141	31	1	1150913	337	70807	1777	1	1	3	no
0	1	2	12	7	1	16301	2481	65971	1188	1	1	1	no
0	0	2	12	6	1	16301	2481	65971	1188	1	1	1	no
0	0	2	12	6	1	16301	2481	65971	1188	1	1	1	no
0	0	2	11	6	1	16301	2481	65971	1188	1	1	1	no
0	1	1	28	18	0	1539814	590	6191	544	1	1	1	no
1	1	2	12	8	0	2159882	174	17417	410	1	1	3	no
0	0	1	129	28	1	162862	852	8063	1618	1	1	0	no
0	1	2	95	53	0	275236	1945	4477	1515	1	1	0	no
1	0	1	10	18	1	829255	873	9517	1896	1	1	0	no
1	0	1	73	149	1	389830	320	6093	614	1	1	3	no
1	0	1	202	275	1	30655616	694	41934	877	1	1	3	no
1	0	1	20	21	1	5837572	530	59714	1898	1	1	3	no
1	1	1	21	18	1	5974933	200	42951	1604	1	1	3	no
1	1	1	76	18	1	1761364	493	15862	658	1	1	3	no
1	1	2	10	12	1	16301	2481	65971	1188	1	1	1	no
0	0	1	157	265	0	11254	66	3798	104	1	1	0	no
1	0	1	73	55	1	26689255	1321	53548	1229	1	1	3	no
0	1	1	13	23	1	197130	1813	27043	1898	1	1	5	no
1	1	1	226	150	1	8657711	507	31829	1244	1	1	3	no
1	1	1	26	35	1	2319167	210	6008	1207	1	1	2	no
1	0	1	1343	708	1	454304	1065	30521	1503	1	1	0	no
1	0	1	10	4	1	1076770	942	44109	1526	1	1	3	no
1	0	2	347	129	1	41160	2678	16674	1329	1	1	0	no
0	0	1	51	17	1	654630	2987	46809	1938	1	1	0	no
1	0	1	187	50	1	16102	795	5517	490	1	1	0	no
1	0	2	11	3	0	10928	2977	35065	1152	1	1	-1	no
1	0	1	19	16	1	2042147	1122	26158	1374	1	1	3	no
1	0	2	23	9	1	80359	692	2275	731	1	1	3	no
1	1	1	230	326	1	1731741	519	15046	1038	1	1	3	no
1	0	2	34	20	1	358186	2935	24726	1643	1	1	-1	no
1	0	1	75	24	1	388777	2991	26501	933	1	1	0	no
1	1	1	68	65	1	8286493	170	30877	918	1	1	3	no
1	0	1	33	43	1	5975147	200	42951	1606	1	1	3	no
1	0	1	650	953	1	28309268	486	46342	1016	1	1	3	no
0	0	2	84	61	1	13817150	684	62536	1757	1	1	3	no
1	0	1	37	26	1	2440768	1141	41286	1752	1	1	3	no
1	0	1	16	24	0	124610	784	89703	1733	1	1	3	no
1	0	1	33	17	1	840182	323	8321	1265	1	1	2	no
0	0	2	18	10	1	2136581	228	11269	1039	1	0	3	no
1	1	2	10	4	0	1045	2772	2433	1425	1	1	220	no
0	0	1	40	29	1	295126	2337	25633	1938	1	1	0	no
0	1	1	28	6	0	4668	1919	1886	650	1	1	-1	no
0	0	1	39	210	1	10369	69	1069	91	1	0	-1	no
0	1	1	31	3	1	1497	1443	10166	282	1	1	220	no
0	0	1	259	361	1	26441	100	230	244	1	1	-1	no
0	1	1	106	204	1	10369	69	1069	91	1	0	-1	no
1	0	2	23	17	1	16301	2481	65971	1190	1	1	1	no
1	1	2	15	6	1	5137	470	8738	849	1	0	1	no
0	0	1	127	130	0	10341	98	961	476	1	0	0	no
1	0	1	295	100	1	523487	631	16557	1018	1	1	3	no
1	1	1	11	20	1	298322	328	25733	1036	1	1	3	no
1	1	2	86	52	1	13817113	684	62536	1771	1	1	3	no
1	0	1	12	6	0	180114	873	7270	1244	1	1	3	no
1	1	1	26	26	1	199807	588	16812	684	1	1	1	no
1	0	2	14	6	1	25055855	2686	19469	1608	1	1	0	no
1	0	2	54	24	0	70	162	647	297	1	1	-1	no
1	0	1	212	119	1	2749570	702	5280	693	1	1	1	no
1	1	1	11	6	1	275802	805	7758	312	1	1	3	no
0	0	2	280	21	1	167128	66	469	1471	1	0	3	no
0	0	1	18	1	1	656091	656	7492	1477	1	1	-1	no
0	0	1	18	1	0	446068	1923	5044	1477	1	1	3	no
0	0	1	19	0	1	780716	700	7692	1628	1	1	-1	no
0	0	1	21	0	0	342216	326	6522	1630	1	1	-1	no
0	0	1	18	3	0	739099	833	6901	1628	1	1	-1	no
0	0	1	196	201	0	11255	66	3798	104	1	1	0	no
1	1	1	15	22	1	5837500	530	59714	1899	1	1	3	no
1	1	2	17	12	1	145507	213	12398	1001	1	1	1	no
1	1	1	254	434	0	38250897	294	100462	1936	1	1	3	no
1	1	2	15	17	1	5313	769	25773	1155	1	1	1	no
1	0	1	61	17	0	75207	1085	46197	1402	1	1	3	no
0	0	2	14	11	1	153370	1379	17185	1934	1	1	0	no
1	1	2	12	3	0	2209	1770	7607	67	1	1	-1	no
1	1	1	39	29	1	35462	2302	10851	1378	1	1	0	no
0	1	2	14	12	1	13554	840	2546	1912	1	1	0	no
1	0	1	33	20	1	9443	2857	56205	1480	1	1	220	no
1	0	2	11	9	1	1415905	874	8914	1834	1	1	2	no
1	0	2	245	174	1	454297	1065	30521	1506	1	1	0	no
1	0	1	14	4	0	228342	1997	47373	1802	1	1	-1	no
1	1	2	25	3	1	7841	53	13103	1181	1	1	3	no
1	0	1	86	34	1	1059470	2944	59717	1854	1	1	0	no
1	0	2	145	75	0	1111135	1014	7349	1422	1	1	0	no
1	0	2	38	17	0	1679552	2340	22794	956	1	1	3	no
1	0	2	12	8	1	155255	966	52299	1935	1	1	0	no
1	0	1	30	10	1	8772215	983	43167	1932	1	1	3	no
1	1	1	78	83	1	8780380	649	52412	1755	1	1	3	no
0	0	2	132	39	1	1868599	1678	13417	1935	1	1	0	no
0	1	1	52	228	1	10369	69	1069	88	1	0	-1	no
0	1	1	50	292	0	11161	95	1503	231	1	1	-1	no
1	1	2	19	23	1	25055880	2686	19469	1585	1	1	0	no
0	1	1	12	22	1	73966	78	14977	1424	1	1	5	no
1	0	1	13	4	1	5348	213	1162	195	1	1	0	no
1	1	1	12	27	0	550305	983	21890	1712	1	1	3	no
1	1	1	19	34	0	169837	74	17477	1886	1	1	3	no
0	1	1	183	101	0	61008	1632	6963	733	1	1	0	no
1	1	2	20	22	1	3065756	421	31111	1726	1	1	3	no
1	0	2	34	6	1	1224097	1967	11579	676	1	1	3	no
1	1	1	36	55	1	1219594	198	32720	1564	1	1	3	no
1	1	1	57	162	1	275804	805	7758	310	1	1	3	no
1	1	1	25	35	1	1824870	207	107569	1396	1	1	3	no
1	0	1	14	4	1	7246	2001	1053	1080	1	1	-1	no
1	1	1	31	39	1	330532	295	12880	908	1	1	3	no
1	0	2	129	171	1	3165025	424	69438	1412	1	1	3	no
0	1	2	10	5	1	7208	1970	8270	947	1	1	1	no
1	0	1	42	14	1	190854	1306	45534	1455	1	1	0	no
0	0	2	59	17	1	90343	636	16085	539	1	1	0	no
1	1	2	22	20	1	16302	2481	65971	1203	1	1	1	no
1	0	1	11	13	1	389847	320	6093	629	1	1	3	no
0	1	1	49	20	1	1073317	1564	21624	1355	1	1	3	no
1	0	2	19	14	1	145549	213	12398	1015	1	1	1	no
0	1	1	10	9	1	120554	820	9448	1179	1	1	0	no
1	1	1	25	19	0	76445	360	4926	1599	1	1	-1	no
1	1	2	13	26	1	490355	904	40194	1755	1	1	3	no
0	1	1	47	52	1	98	104	177	31	1	0	2	no
0	0	1	167	224	1	26469	100	230	249	1	1	-1	no
1	0	1	194	207	1	11801	96	4460	1065	1	0	-1	no
0	1	1	28	9	1	1073329	1564	21625	1355	1	1	3	no
1	0	1	33	10	1	576323	924	21760	1472	1	1	3	no
0	1	2	25	8	1	27578	2875	55704	1594	1	1	0	no
1	1	1	34	26	1	339327	997	12405	1946	1	1	3	no
1	0	2	17	17	1	322636	1999	118008	1800	1	1	3	no
0	1	1	82	28	0	827301	1904	37020	1426	1	1	5	no
1	1	1	19	24	1	298355	328	25733	990	1	1	3	no
0	0	1	41	204	0	11170	95	1505	231	1	1	-1	no
0	1	2	12	0	1	105881	89	3562	393	1	1	1	no
1	0	1	703	170	1	11247481	64	3402	391	1	0	1	no
0	0	1	526	137	1	50799	1192	965	232	1	0	1	no
0	1	1	15	6	1	268874	783	3062	497	1	1	1	no
1	0	1	304	395	1	28310398	486	46345	1013	1	1	3	no
1	1	2	20	24	1	5314	769	25773	1153	1	1	1	no
1	1	2	20	23	1	5314	769	25773	1153	1	1	1	no
1	1	2	11	16	1	12096	364	1339	1896	1	1	0	no
0	0	2	658	154	1	4226	1290	25984	1320	1	1	-1	no
1	1	1	16	1	1	576414	924	21762	1457	1	1	3	no
1	0	2	92	43	1	3805877	2000	11597	1180	1	1	0	no
0	0	1	80	6	0	779	369	2587	636	1	0	1	no
1	1	1	52	40	0	1682056	2340	22800	957	1	1	3	no
1	0	1	192	205	1	12219	402	4637	1097	1	1	-1	no
0	0	1	208	208	0	10405	101	879	473	1	0	0	no
1	1	2	14	2	1	1224773	1967	11580	677	1	1	3	no
0	0	1	203	203	0	10407	131	954	473	1	0	0	no
1	1	1	24	10	1	1534190	300	18648	1792	1	1	3	no
1	1	2	112	67	1	13818054	684	62544	1755	1	1	3	no
0	1	1	12	13	1	79346	611	8750	376	1	1	1	no
1	0	2	53	18	1	3148	1969	6367	1333	1	1	220	no
1	0	2	19	12	1	25917	2180	6868	1337	1	1	-1	no
1	1	2	178	120	1	321828	457	23325	1935	1	1	0	no
1	0	2	144	91	1	1731957	519	15046	1035	1	1	3	no
1	0	1	95	44	1	282771	1903	8674	1736	1	1	0	no
1	0	1	27	77	1	748841	1022	65613	1490	1	1	3	no
1	0	2	561	115	1	454355	1065	30524	1498	1	1	0	no
1	0	1	32	4	1	44325	1098	5983	1445	1	1	2	no
1	0	1	23	12	1	321055	519	7640	1515	1	1	3	no
0	1	2	11	36	1	6899	2001	8691	1756	1	1	0	no
0	1	1	10	3	0	436	196	3240	1469	1	1	-1	no
1	0	2	19	17	0	2723401	328	11369	1392	1	1	1	no
1	1	1	10	68	1	220693	837	1844	66	1	1	2	no
0	1	1	16	243	0	11171	95	1509	237	1	1	-1	no
0	0	1	104	234	1	26479	100	230	247	1	1	-1	no
0	0	1	41	237	1	10370	69	1080	94	1	0	-1	no
0	0	1	111	222	1	11563	411	3752	332	1	0	0	no
1	1	2	15	60	1	16304	2481	65989	1194	1	1	1	no
0	0	1	38	178	1	10568	255	2203	72	1	0	0	no
0	1	2	74	1	0	106605	1859	39657	713	1	1	220	no
1	1	1	128	52	1	8288408	170	30880	922	1	1	3	no
1	0	2	84	124	1	13818059	684	62544	1761	1	1	3	no
0	1	1	20	27	1	1073338	1564	21625	1347	1	1	3	no
0	0	1	45	46	1	8841	14	8082	1481	1	0	3	no
1	1	2	117	12	1	106	458	240	1460	1	1	-1	no
1	0	1	125	167	1	8288408	170	30880	922	1	1	3	no
0	0	2	45	88	1	1660726	129	1066	1442	1	1	3	no
1	0	1	11	4	0	20391	2500	14740	1083	1	1	220	no
1	1	1	93	30	1	358314	526	4389	1291	1	1	0	no
1	1	1	95	49	1	840257	323	8323	1263	1	1	2	no
1	1	1	10	16	0	169893	74	17485	1888	1	1	3	no
0	1	2	544	98	1	41172	2678	16676	1328	1	1	0	no
1	0	2	611	173	1	5843	23	12322	991	1	1	0	no
1	1	1	13	21	1	2024219	589	43961	1329	1	1	3	no
1	1	2	53	17	1	4114	888	7995	1463	1	1	0	no
1	1	2	25	11	1	417056	2618	28912	1573	1	1	0	no
1	1	2	2813	697	1	18170873	601	48674	1489	1	1	0	no
0	0	1	2081	1571	1	61467	102	2430	389	1	0	1	no
0	1	1	1920	1170	0	38251315	294	100462	1934	1	1	3	no
1	1	1	6587	4397	1	8266230	2000	72969	384	1	1	3	no
1	0	2	11	4	0	2159784	174	17417	425	1	1	3	no
1	0	1	38	72	1	1009479	730	5270	1372	1	1	200	no
1	0	1	1091	85	1	11239643	64	3402	412	1	0	1	no
1	0	1	54	217	0	11270	139	10862	1299	1	1	-1	no
1	1	1	341	76	1	2021255	586	43664	1328	1	1	3	no
1	1	1	290	139	1	676390	1603	16366	1518	1	1	0	no
1	1	2	174	109	1	3161820	424	69029	1354	1	1	3	no
1	1	2	85	25	1	5232920	2204	51278	1885	1	1	3	no
1	0	1	10	5	1	1075454	942	43980	1480	1	1	3	no
1	1	1	43	31	0	3031409	1096	24180	1648	1	1	1	no
1	0	2	40	18	1	3349400	1857	26452	1319	1	1	1	no
1	0	1	64	50	0	2268851	631	58534	1832	1	1	3	no
1	1	1	118	88	1	3639302	928	70088	1846	1	1	3	no
1	1	1	91	56	0	7046587	696	52400	1850	1	1	3	no
1	1	1	127	77	1	11353690	2007	66265	1887	1	1	3	no
1	1	1	29	11	1	144940	454	3391	523	1	1	1	no
1	1	2	41	32	0	1241838	2125	28430	1747	1	1	3	no
1	1	1	79	87	1	4775717	1528	21370	1892	1	1	3	no
1	1	1	79	48	1	3146915	463	33324	1713	1	1	3	no
1	1	1	42	37	1	172972	143	3654	1080	1	1	3	no
1	1	1	31	32	1	1136694	280	30188	1167	1	1	3	no
1	1	1	23	26	1	1214846	1184	16559	1410	1	1	3	no
1	1	1	13	5	1	2785531	1046	54322	1707	1	1	3	no
1	1	1	13	12	1	2447242	539	41866	1648	1	1	3	no
1	1	1	24	20	1	841441	323	8296	1219	1	1	2	no
1	1	1	88	93	1	5409517	569	63455	1680	1	1	3	no
1	1	1	19	17	1	989952	2239	38970	1636	1	1	3	no
1	1	1	48	43	1	2672161	474	36436	1459	1	1	3	no
1	0	1	33	8	1	143830	656	25272	1486	1	1	3	no
0	0	1	22	14	1	13866	698	24963	1172	1	1	1	no
1	1	1	14	10	1	644225	656	52065	1865	1	1	3	no
1	1	1	25	17	0	1015676	525	14381	1887	1	1	3	no
1	1	2	11	3	1	48218	538	10145	328	1	1	3	no
1	0	1	65	14	1	55417	617	9216	1362	1	1	3	no
1	1	2	14	10	1	443063	1238	50333	1628	1	1	3	no
1	0	1	24	12	1	25553	705	5269	1137	1	1	0	no
1	1	1	16	9	1	563685	1433	41721	1781	1	1	3	no
1	1	1	22	19	0	473541	465	20599	1741	1	1	3	no
1	0	1	33	39	1	96814	1298	8489	324	1	1	0	no
1	1	1	16	10	0	122220	778	89514	1688	1	1	3	no
1	1	1	87	82	1	1188609	1597	30205	1865	1	1	3	no
1	1	1	12	5	1	389415	320	6040	571	1	1	3	no
1	1	1	127	51	1	330446	299	12835	850	1	1	3	no
1	1	1	182	116	1	3789994	308	57327	1752	1	1	3	no
1	1	1	99	51	1	5765169	529	59368	1855	1	1	3	no
1	0	1	14	20	0	101360	747	43805	1621	1	1	2	no
1	1	2	30	37	1	73385	948	16100	1064	1	1	1	no
1	1	1	78	88	1	3790158	308	57329	1753	1	1	3	no
1	0	1	172	40	1	5903165	200	42757	1562	1	1	3	no
1	0	1	62	6	1	204295	336	8799	1802	1	1	3	no
1	1	1	26	0	0	734857	11	163742	1469	1	1	-1	no